10
   0  83  93 129 133 139 151 169 135 114
  83   0  40  53  62  64  91 116  93  84
  93  40   0  42  42  49  59  81  54  44
 129  53  42   0  11  11  46  72  65  70
 133  62  42  11   0   9  35  61  55  62
 139  64  49  11   9   0  39  65  63  71
 151  91  59  46  35  39   0  26  34  52
 169 116  81  72  61  65  26   0  37  59
 135  93  54  65  55  63  34  37   0  22
 114  84  44  70  62  71  52  59  22   0
 
