9
  0 633 257  91 412 150  80 134 259
633   0 390 661 227 488 572 530 555
257 390   0 228 169 112 196 154 372
 91 661 228   0 383 120  77 105 175
412 227 169 383   0 267 351 309 338
150 488 112 120 267   0  63  34 264
 80 572 196  77 351  63   0  29 232
134 530 154 105 309  34  29   0 249
259 555 372 175 338 264 232 249   0


