7
 0  8 50 31 12 48 39
 8  0 38  9 33 37 14
50 38  0 11 55  1 17
31  9 11  0 44 13 18
12 33 55 44  0 54 45
48 37  1 13 54  0 24
39 14 17 18 45 24 34

