8
    0  29  82  46  68  52  72  42  
   29   0  55  46  42  43  43  23 
   82  55   0  68  46  55  23  43  
   46  46  68   0  82  15  72  31  
   68  42  46  82   0  74  23  52  
   52  43  55  15  74   0  61  23  
   72  43  23  72  23  61   0  42  
   42  23  43  31  52  23  42   0   

